((((((((pseHum:0.0521541,taeGut:0.0603816,ficAlb:0.0570159)Anc29:0.0142681,corBra:0.045363)Anc28:0.0941153,melUnd:0.122317)Anc25:0.00292692,falPer:0.0861435)Anc18:0.00269116,(picPub:0.160563,lepDis:0.0759948)Anc19:0.00396552,halLeu:0.0522647)Anc10:0.00815807,(((aptFor:0.0131249,pygAde:0.0156764)Anc26:0.0258031,fulGla:0.0417276)Anc20:0.00124596,nipN
ip:0.0479367)Anc11:0.00810733,balReg:0.0694667,chaVoc:0.0751679,(calAnn:0.126982,chaPel:0.105392)Anc12:0.0291807,cucCan:0.131574,(colLiv:0.109622,mesUni:0.103299)Anc13:0.00285538)Anc07:0.0409259,((galGal:0.0404847,melGal:0.0483231)Anc14:0.112849,anaPla:0.100856)Anc08:0.041184)Anc05:0.0575233,(((((aptHaa:0.00131014,aptOwe:0.00154587)Anc27:0.00334797,aptRo
w:0.00463584)Anc21:0.0362796,(casCas:0.0137529,droNov:0.0180107)Anc22:0.0349683)Anc15:0.00150138,((cryCin:0.0523601,tinGut:0.0468287)Anc23:0.0181126,(eudEle:0.0803233,notPer:0.0789663)Anc24:0.00522993)Anc16:0.0919238,(rheAme:0.00647111,rhePen:0.00734521)Anc17:0.0791009)Anc09:0.0147686,strCam:0.0738926)Anc06:0.0677528)Anc03;
